   5.9527539448807473E-003   0.0000000000000000     
   9.9212565748012446E-003   0.0000000000000000     
   1.3889759204721745E-002   0.0000000000000000     
   1.7858261834642241E-002   0.0000000000000000     
   2.1826764464562741E-002   0.0000000000000000     
   2.5795267094483237E-002   0.0000000000000000     
   2.9763769724403737E-002   0.0000000000000000     
   3.3732272354324237E-002   0.0000000000000000     
   3.7700774984244734E-002   0.0000000000000000     
   4.1669277614165230E-002   0.0000000000000000     
   4.5637780244085727E-002   0.0000000000000000     
   4.9606282874006230E-002   0.0000000000000000     
   5.3574785503926727E-002   0.0000000000000000     
   5.7543288133847223E-002   0.0000000000000000     
   6.1511790763767719E-002   0.0000000000000000     
   6.5480293393688216E-002   0.0000000000000000     
   6.9448796023608719E-002   0.0000000000000000     
   7.3417298653529223E-002   0.0000000000000000     
   7.7385801283449712E-002   0.0000000000000000     
   8.1354303913370216E-002   0.0000000000000000     
   8.5322806543290705E-002   0.0000000000000000     
   8.9291309173211209E-002   0.0000000000000000     
   9.3259811803131712E-002   0.0000000000000000     
   9.7228314433052201E-002   0.0000000000000000     
  0.10119681706297270        0.0000000000000000     
  0.10516531969289321        0.0000000000000000     
  0.10913382232281370        0.0000000000000000     
  0.11310232495273420        0.0000000000000000     
  0.11707082758265469        0.0000000000000000     
  0.12103933021257519        0.0000000000000000     
  0.12500783284249570        0.0000000000000000     
  0.12897633547241619        0.0000000000000000     
  0.13294483810233668        0.0000000000000000     
  0.13691334073225719        0.0000000000000000     
  0.14088184336217768        0.0000000000000000     
  0.14485034599209817        0.0000000000000000     
  0.14881884862201869        0.0000000000000000     
  0.15278735125193918        0.0000000000000000     
  0.15675585388185967        0.0000000000000000     
  0.16072435651178019        0.0000000000000000     
  0.16469285914170068        0.0000000000000000     
  0.16866136177162117        0.0000000000000000     
  0.17262986440154168        0.0000000000000000     
  0.17659836703146217        0.0000000000000000     
  0.18056686966138266        0.0000000000000000     
  0.18453537229130318        0.0000000000000000     
  0.18850387492122367        0.0000000000000000     
  0.19247237755114416        0.0000000000000000     
  0.19644088018106465        0.0000000000000000     
  0.20040938281098516        0.0000000000000000     
  0.20437788544090565        0.0000000000000000     
  0.20834638807082614        0.0000000000000000     
  0.21231489070074666        0.0000000000000000     
  0.21628339333066715        0.0000000000000000     
  0.22025189596058764        0.0000000000000000     
  0.22422039859050816        0.0000000000000000     
  0.22818890122042865        0.0000000000000000     
  0.23215740385034914        0.0000000000000000     
  0.23612590648026965        0.0000000000000000     
  0.24009440911019014        0.0000000000000000     
  0.24406291174011063        0.0000000000000000     
  0.24803141437003115        0.0000000000000000     
  0.25199991699995161        0.0000000000000000     
  0.25596841962987216        0.0000000000000000     
  0.25993692225979265        0.0000000000000000     
  0.26390542488971314        0.0000000000000000     
  0.26787392751963363        0.0000000000000000     
  0.27184243014955412        0.0000000000000000     
  0.27581093277947460        0.0000000000000000     
  0.27977943540939515        0.0000000000000000     
  0.28374793803931564        0.0000000000000000     
  0.28771644066923613        0.0000000000000000     
  0.29168494329915662        0.0000000000000000     
  0.29565344592907711        0.0000000000000000     
  0.29962194855899760        0.0000000000000000     
  0.30359045118891809        0.0000000000000000     
  0.30755895381883863        0.0000000000000000     
  0.31152745644875912        0.0000000000000000     
  0.31549595907867961        0.0000000000000000     
  0.31946446170860010        0.0000000000000000     
  0.32343296433852059        0.0000000000000000     
  0.32740146696844108        0.0000000000000000     
  0.33136996959836162        0.0000000000000000     
  0.33533847222828211        0.0000000000000000     
  0.33930697485820260        0.0000000000000000     
  0.34327547748812309        0.0000000000000000     
  0.34724398011804358        0.0000000000000000     
  0.35121248274796407        0.0000000000000000     
  0.35518098537788456        0.0000000000000000     
  0.35914948800780511        0.0000000000000000     
  0.36311799063772560        0.0000000000000000     
  0.36708649326764609        0.0000000000000000     
  0.37105499589756658        0.0000000000000000     
  0.37502349852748706        0.0000000000000000     
  0.37899200115740755        0.0000000000000000     
  0.38296050378732810        0.0000000000000000     
  0.38692900641724859        0.0000000000000000     
  0.39089750904716908        0.0000000000000000     
  0.39486601167708957        0.0000000000000000     
  0.39883451430701006        0.0000000000000000     
  0.40280301693693055        0.0000000000000000     
  0.40677151956685109        0.0000000000000000     
  0.41074002219677158        0.0000000000000000     
  0.41470852482669207        0.0000000000000000     
  0.41867702745661256        0.0000000000000000     
  0.42264553008653305        0.0000000000000000     
  0.42661403271645354        0.0000000000000000     
  0.43058253534637403        0.0000000000000000     
  0.43455103797629457        0.0000000000000000     
  0.43851954060621506        0.0000000000000000     
  0.44248804323613555        0.0000000000000000     
  0.44645654586605604        0.0000000000000000     
  0.45042504849597653        0.0000000000000000     
  0.45439355112589702        0.0000000000000000     
  0.45836205375581757        0.0000000000000000     
  0.46233055638573806        0.0000000000000000     
  0.46629905901565855        0.0000000000000000     
  0.47026756164557904        0.0000000000000000     
  0.47423606427549952        0.0000000000000000     
  0.47820456690542001        0.0000000000000000     
  0.48217306953534050        0.0000000000000000     
  0.48614157216526105        0.0000000000000000     
  0.49011007479518154        0.0000000000000000     
  0.49407857742510203        0.0000000000000000     
  0.49804708005502252        0.0000000000000000     
  0.50201558268494306        0.0000000000000000     
  0.50598408531486350        0.0000000000000000     
  0.50995258794478404        0.0000000000000000     
  0.51392109057470448        0.0000000000000000     
  0.51788959320462502        0.0000000000000000     
  0.52185809583454557        0.0000000000000000     
  0.52582659846446600        0.0000000000000000     
  0.52979510109438654        0.0000000000000000     
  0.53376360372430698        0.0000000000000000     
  0.53773210635422752        0.0000000000000000     
  0.54170060898414796        0.0000000000000000     
  0.54566911161406850        0.0000000000000000     
  0.54963761424398905        0.0000000000000000     
  0.55360611687390948        0.0000000000000000     
  0.55757461950383003        0.0000000000000000     
  0.56154312213375046        0.0000000000000000     
  0.56551162476367101        0.0000000000000000     
  0.56948012739359144        0.0000000000000000     
  0.57344863002351198        0.0000000000000000     
  0.57741713265343253        0.0000000000000000     
  0.58138563528335296        0.0000000000000000     
  0.58535413791327351        0.0000000000000000     
  0.58932264054319394        0.0000000000000000     
  0.59329114317311449        0.0000000000000000     
  0.59725964580303503        0.0000000000000000     
  0.60122814843295547        0.0000000000000000     
  0.60519665106287601        0.0000000000000000     
  0.60916515369279645        0.0000000000000000     
  0.61313365632271699        0.0000000000000000     
  0.61710215895263743        0.0000000000000000     
  0.62107066158255797        0.0000000000000000     
  0.62503916421247852        0.0000000000000000     
  0.62900766684239895        0.0000000000000000     
  0.63297616947231949        0.0000000000000000     
  0.63694467210223993        0.0000000000000000     
  0.64091317473216047        0.0000000000000000     
  0.64488167736208091        0.0000000000000000     
  0.64885017999200145        0.0000000000000000     
  0.65281868262192200        0.0000000000000000     
  0.65678718525184243        0.0000000000000000     
  0.66075568788176298        0.0000000000000000     
  0.66472419051168341        0.0000000000000000     
  0.66869269314160396        0.0000000000000000     
  0.67266119577152439        0.0000000000000000     
  0.67662969840144493        0.0000000000000000     
  0.68059820103136548        0.0000000000000000     
  0.68456670366128591        0.0000000000000000     
  0.68853520629120646        0.0000000000000000     
  0.69250370892112689        0.0000000000000000     
  0.69647221155104744        0.0000000000000000     
  0.70044071418096798        0.0000000000000000     
  0.70440921681088842        0.0000000000000000     
  0.70837771944080896        0.0000000000000000     
  0.71234622207072940        0.0000000000000000     
  0.71631472470064994        0.0000000000000000     
  0.72028322733057037        0.0000000000000000     
  0.72425172996049092        0.0000000000000000     
  0.72822023259041146        0.0000000000000000     
  0.73218873522033190        0.0000000000000000     
  0.73615723785025244        0.0000000000000000     
  0.74012574048017288        0.0000000000000000     
  0.74409424311009342        0.0000000000000000     
  0.74806274574001386        0.0000000000000000     
  0.75203124836993440        0.0000000000000000     
  0.75599975099985495        0.0000000000000000     
  0.75996825362977538        0.0000000000000000     
  0.76393675625969593        0.0000000000000000     
  0.76790525888961636        0.0000000000000000     
  0.77187376151953691        0.0000000000000000     
  0.77584226414945745        0.0000000000000000     
  0.77981076677937788        0.0000000000000000     
  0.78377926940929843        0.0000000000000000     
  0.78774777203921886        0.0000000000000000     
  0.79171627466913941        0.0000000000000000     
  0.79568477729905984        0.0000000000000000     
  0.79965327992898039        0.0000000000000000     
  0.80362178255890093        0.0000000000000000     
  0.80759028518882137        0.0000000000000000     
  0.81155878781874191        0.0000000000000000     
  0.81552729044866235        0.0000000000000000     
  0.81949579307858289        0.0000000000000000     
  0.82346429570850332        0.0000000000000000     
  0.82743279833842387        0.0000000000000000     
  0.83140130096834441        0.0000000000000000     
  0.83536980359826485        0.0000000000000000     
  0.83933830622818539        0.0000000000000000     
  0.84330680885810583        0.0000000000000000     
  0.84727531148802637        0.0000000000000000     
  0.85124381411794692        0.0000000000000000     
  0.85521231674786735        0.0000000000000000     
  0.85918081937778790        0.0000000000000000     
  0.86314932200770833        0.0000000000000000     
  0.86711782463762888        0.0000000000000000     
  0.87108632726754931        0.0000000000000000     
  0.87505482989746985        0.0000000000000000     
  0.87902333252739040        0.0000000000000000     
  0.88299183515731083        0.0000000000000000     
  0.88696033778723138        0.0000000000000000     
  0.89092884041715181        0.0000000000000000     
  0.89489734304707236        6.1055004016012111E-002
  0.89886584567699279       0.69587690514895917     
  0.90283434830691334        1.9084201789611899     
  0.90680285093683388        2.7479480703890737     
  0.91077135356675432        3.0706369297318816     
  0.91473985619667486        3.1948070963098556     
  0.91870835882659529        3.1415218020979312     
  0.92267686145651584        3.1274825173883491     
  0.92664536408643627        3.0843585190236351     
  0.93061386671635682        3.0422993495687325     
  0.93458236934627736        2.9653125390277224     
  0.93855087197619780        2.8550334948011291     
  0.94251937460611834        2.8290282794779187     
  0.94648787723603878        2.7658517113065453     
  0.95045637986595932        2.7247878228032549     
  0.95442488249587987        2.6870834898380926     
  0.95839338512580030        2.6181228735314725     
  0.96236188775572085        2.5727407962897861     
  0.96633039038564128        2.5077257998646085     
  0.97029889301556183        2.4856104283123011     
  0.97426739564548226        2.4213430302385217     
  0.97823589827540280        2.3733145440158707     
  0.98220440090532335        2.3372140996550526     
  0.98617290353524378        2.2572127445838635     
  0.99014140616516433        2.2400223693231260     
  0.99410990879508476        2.2039365229668855     
  0.99807841142500531        2.1362500671847915     
   1.0020469140549257        2.1483278728170068     
   1.0060154166848463        2.0908822040267512     
   1.0099839193147668        2.0590400775492559     
   1.0139524219446874        1.9905188644485854     
   1.0179209245746077        1.9830946040278870     
   1.0218894272045282        1.9212290475121729     
   1.0258579298344488        1.9074527840399458     
   1.0298264324643693        1.8696221970733782     
   1.0337949350942899        1.8348818995925222     
   1.0377634377242102        1.8137253776336497     
   1.0417319403541307        1.7892009320026885     
   1.0457004429840513        1.7548293200051550     
   1.0496689456139718        1.7165647852392931     
   1.0536374482438922        1.6847720769603531     
   1.0576059508738127        1.6779892534938781     
   1.0615744535037333        1.6217661018059031     
   1.0655429561336538        1.6155366241341391     
   1.0695114587635743        1.5921749743937366     
   1.0734799613934947        1.5799095884673349     
   1.0774484640234152        1.5396331528246265     
   1.0814169666533358        1.5302468182439917     
   1.0853854692832563        1.5010004690756951     
   1.0893539719131768        1.4744775299968469     
   1.0933224745430972        1.4581095360145477     
   1.0972909771730177        1.4495935221992811     
   1.1012594798029383        1.4225710952336035     
   1.1052279824328588        1.4014537770236344     
   1.1091964850627793        1.3615781746492812     
   1.1131649876926997        1.3405013051035763     
   1.1171334903226202        1.3215143192139387     
   1.1211019929525408        1.3287034991742881     
   1.1250704955824613        1.3041066940228323     
   1.1290389982123816        1.2753044474112774     
   1.1330075008423022        1.2543334232743528     
   1.1369760034722227        1.2317001478917766     
   1.1409445061021433        1.2359382046616738     
   1.1449130087320638        1.2155264772364685     
   1.1488815113619841        1.2020876997070804     
   1.1528500139919047        1.1917921655843682     
   1.1568185166218252        1.1632447781952042     
   1.1607870192517458        1.1842409096366759     
   1.1647555218816663        1.1483381385408369     
   1.1687240245115866        1.1217442440920278     
   1.1726925271415072        1.1207439796851530     
   1.1766610297714277        1.1111924553753485     
   1.1806295324013483        1.0973474950182136     
   1.1845980350312688        1.0681328369421650     
   1.1885665376611891        1.0689892126633598     
   1.1925350402911097        1.0745030485336335     
   1.1965035429210302        1.0502485914552835     
   1.2004720455509508        1.0470230318271170     
   1.2044405481808711        1.0414672539344560     
   1.2084090508107916        1.0223999888686115     
   1.2123775534407122        1.0096441120169346     
   1.2163460560706327       0.99299917171259555     
   1.2203145587005533        1.0020417524757224     
   1.2242830613304736       0.99149978177532172     
   1.2282515639603941       0.97646326901778890     
   1.2322200665903147       0.96907444124467212     
   1.2361885692202352       0.95984443133996755     
   1.2401570718501558       0.95309065403773896     
   1.2441255744800761       0.95140915965246753     
   1.2480940771099966       0.93618770255260075     
   1.2520625797399172       0.92015232538120140     
   1.2560310823698377       0.93419058585498105     
   1.2599995849997583       0.92698645881727970     
   1.2639680876296786       0.92570318234098281     
   1.2679365902595991       0.89789537374724826     
   1.2719050928895197       0.90069010265205962     
   1.2758735955194402       0.89049861403114572     
   1.2798420981493606       0.90734828882229102     
   1.2838106007792811       0.88941555347519485     
   1.2877791034092017       0.84580563641814233     
   1.2917476060391222       0.87641386755963946     
   1.2957161086690427       0.86913776542968857     
   1.2996846112989631       0.86903765779349296     
   1.3036531139288836       0.85089404300178972     
   1.3076216165588042       0.85029670905879606     
   1.3115901191887247       0.85122966718324178     
   1.3155586218186452       0.85098655424893077     
   1.3195271244485656       0.83609559283791202     
   1.3234956270784861       0.83932223091488822     
   1.3274641297084067       0.83101590636728251     
   1.3314326323383272       0.84182421995887702     
   1.3354011349682477       0.83037840726103940     
   1.3393696375981681       0.81514098332489859     
   1.3433381402280886       0.81114085998531260     
   1.3473066428580092       0.81962984503449143     
   1.3512751454879297       0.82331820614998197     
   1.3552436481178500       0.81311455113928732     
   1.3592121507477706       0.81358761958098691     
   1.3631806533776911       0.80575401909198585     
   1.3671491560076117       0.81174264438946764     
   1.3711176586375322       0.79704551597740836     
   1.3750861612674525       0.79503918275487961     
   1.3790546638973731       0.80059212355395892     
   1.3830231665272936       0.80662185450119639     
   1.3869916691572142       0.77971455102646758     
   1.3909601717871347       0.79011735664761729     
   1.3949286744170550       0.81105733767769528     
   1.3988971770469756       0.79250997459356132     
   1.4028656796768961       0.79713333191959079     
   1.4068341823068167       0.80234040407309359     
   1.4108026849367372       0.78611806492082614     
   1.4147711875666575       0.79991917150582181     
   1.4187396901965781       0.78886331661521347     
   1.4227081928264986       0.78895828864583961     
   1.4266766954564192       0.77460131726948189     
   1.4306451980863395       0.78487629558346650     
   1.4346137007162600       0.77717278856462646     
   1.4385822033461806       0.78239802790397839     
   1.4425507059761011       0.77386312169537563     
   1.4465192086060217       0.79481534793751119     
   1.4504877112359420       0.77752148363060891     
   1.4544562138658625       0.78770375366339207     
   1.4584247164957831       0.79186600779247840     
   1.4623932191257036       0.78751780340928756     
   1.4663617217556242       0.79681678358691110     
   1.4703302243855445       0.78336830453269202     
   1.4742987270154650       0.79427917708586937     
   1.4782672296453856       0.79103702766185346     
   1.4822357322753061       0.78790578554559532     
   1.4862042349052267       0.78711708539680636     
   1.4901727375351470       0.78073058299743792     
   1.4941412401650676       0.80093757565919776     
   1.4981097427949881       0.78543148133917684     
   1.5020782454249086       0.79410246410702945     
   1.5060467480548290       0.78625233141673456     
   1.5100152506847495       0.79676927583148893     
   1.5139837533146701       0.79646444143455075     
   1.5179522559445906       0.78987561310304022     
   1.5219207585745111       0.78682825812085100     
   1.5258892612044315       0.79536986742117355     
   1.5298577638343520       0.80290763111119057     
   1.5338262664642726       0.80346655150981339     
   1.5377947690941931       0.80051549197771832     
   1.5417632717241136       0.79506013033787537     
   1.5457317743540340       0.80728463521860661     
   1.5497002769839545       0.80557670697289951     
   1.5536687796138751       0.83253496370844893     
   1.5576372822437956       0.81582827479177233     
   1.5616057848737159       0.81917636146935036     
   1.5655742875036365       0.81409271511449099     
   1.5695427901335570       0.83308206592151290     
   1.5735112927634776       0.83324561018124366     
   1.5774797953933981       0.82597057010040453     
   1.5814482980233184       0.84420634968160491     
   1.5854168006532390       0.83167897182927697     
   1.5893853032831595       0.83632930838668884     
   1.5933538059130801       0.83784268092024361     
   1.5973223085430006       0.84982430641394802     
   1.6012908111729209       0.84073427538004430     
   1.6052593138028415       0.85183769677016330     
   1.6092278164327620       0.85510294035411061     
   1.6131963190626826       0.86512492793203288     
   1.6171648216926031       0.87058506885205555     
   1.6211333243225234       0.86735341258766063     
   1.6251018269524440       0.87791928181854351     
   1.6290703295823645       0.87254099989058798     
   1.6330388322122851       0.89125991149985417     
   1.6370073348422054       0.87778199609862739     
   1.6409758374721259       0.88851516432717348     
   1.6449443401020465       0.89049079005890952     
   1.6489128427319670       0.89540781604035136     
   1.6528813453618876       0.90197903403907365     
   1.6568498479918079       0.90645518006735726     
   1.6608183506217284       0.92039002471278875     
   1.6647868532516490       0.91387141474889999     
   1.6687553558815695       0.92236749347267877     
   1.6727238585114901       0.92268306533138900     
   1.6766923611414104       0.92613799055658186     
   1.6806608637713309       0.94380217954229839     
   1.6846293664012515       0.93818786133342746     
   1.6885978690311720       0.93806744094491257     
   1.6925663716610926       0.93574836536795170     
   1.6965348742910129       0.95004414123735936     
   1.7005033769209335       0.95072429768107147     
   1.7044718795508540       0.96638479050801795     
   1.7084403821807745       0.96743222596066292     
   1.7124088848106949       0.97612395217414016     
   1.7163773874406154       0.98520695726662766     
   1.7203458900705360       0.98586488946412021     
   1.7243143927004565       0.99149164644567922     
   1.7282828953303770       0.98758531548595796     
   1.7322513979602974       0.99618731361543500     
   1.7362199005902179       0.99754019681151063     
   1.7401884032201385        1.0108821892939110     
   1.7441569058500590        1.0160059629252680     
   1.7481254084799795        1.0107866811628328     
   1.7520939111098999        1.0161129461600793     
   1.7560624137398204        1.0216591031388786     
   1.7600309163697410        1.0372277041317002     
   1.7639994189996615        1.0314705070226395     
   1.7679679216295821        1.0447180114542773     
   1.7719364242595024        1.0406465570344647     
   1.7759049268894229        1.0491111178852497     
   1.7798734295193435        1.0589609526695765     
   1.7838419321492640        1.0557870154251388     
   1.7878104347791843        1.0610048619313095     
   1.7917789374091049        1.0919267292033825     
   1.7957474400390254        1.0843399616176927     
   1.7997159426689460        1.0809003805719195     
   1.8036844452988665        1.0879292595445624     
   1.8076529479287868        1.0999942314314552     
   1.8116214505587074        1.0991834137461196     
   1.8155899531886279        1.1199983760333265     
   1.8195584558185485        1.1243049176583417     
   1.8235269584484690        1.1168284383798963     
   1.8274954610783893        1.1184820824839099     
   1.8314639637083099        1.1248049622862906     
   1.8354324663382304        1.1155748152586695     
   1.8394009689681510        1.1197914379883012     
   1.8433694715980715        1.1350131689381493     
   1.8473379742279918        1.1375148898284269     
   1.8513064768579124        1.1193271559662286     
   1.8552749794878329        1.1320300788761324     
   1.8592434821177535        1.1331288022866999     
   1.8632119847476738        1.1340854493180739     
   1.8671804873775943        1.1374348165263284     
   1.8711489900075149        1.1366402998997449     
   1.8751174926374354        1.1268816980664857     
   1.8790859952673560        1.1374306330557800     
   1.8830544978972763        1.1355074449687161     
   1.8870230005271968        1.1270828227611220     
   1.8909915031571174        1.1403936959860212     
   1.8949600057870379        1.1304757559124332     
   1.8989285084169585        1.1431501483814095     
   1.9028970110468788        1.1392752835260154     
   1.9068655136767994        1.1371036250363760     
   1.9108340163067199        1.1441400804188391     
   1.9148025189366404        1.1212734968332896     
   1.9187710215665610        1.1323129722031537     
   1.9227395241964813        1.1262464158359773     
   1.9267080268264019        1.1294009334578066     
   1.9306765294563224        1.1341467940325924     
   1.9346450320862429        1.1183508092615604     
   1.9386135347161633        1.1192745551512167     
   1.9425820373460838        1.1219944914559430     
   1.9465505399760044        1.1233980316222987     
   1.9505190426059249        1.1191897824242898     
   1.9544875452358454        1.1193569950352971     
   1.9584560478657658        1.1137168553446395     
   1.9624245504956863        1.1002361727033325     
   1.9663930531256069        1.1020435448051062     
   1.9703615557555274        1.0894253204385427     
   1.9743300583854480        1.0942048681348095     
   1.9782985610153683        1.1019848833178605     
   1.9822670636452888        1.0888321786558384     
   1.9862355662752094        1.1030234854760645     
   1.9902040689051299        1.0931857370219893     
   1.9941725715350505        1.0826510386872847     
   1.9981410741649708        1.0782483352424774     
   2.0021095767948913        1.0816819099416872     
   2.0060780794248116        1.0720729750426643     
   2.0100465820547324        1.0733707791982117     
   2.0140150846846527        1.0803410405292961     
   2.0179835873145735        1.0676975228623711     
   2.0219520899444938        1.0506481227419733     
   2.0259205925744141        1.0590861483152194     
   2.0298890952043349        1.0620113952600092     
   2.0338575978342552        1.0556973640711977     
   2.0378261004641760        1.0449008997160931     
   2.0417946030940963        1.0545244168793946     
   2.0457631057240167        1.0492987070754072     
   2.0497316083539374        1.0478282729725299     
   2.0537001109838577        1.0394390535901517     
   2.0576686136137785        1.0381084106061484     
   2.0616371162436988        1.0342308050304023     
   2.0656056188736192        1.0417372587025580     
   2.0695741215035399        1.0343320549197221     
   2.0735426241334602        1.0239555964839802     
   2.0775111267633810        1.0311270884704091     
   2.0814796293933013        1.0216228462888999     
   2.0854481320232217        1.0212775078896541     
   2.0894166346531424        1.0115242665397985     
   2.0933851372830627        1.0151219749402030     
   2.0973536399129835        1.0211996938576315     
   2.1013221425429038        1.0248973512615327     
   2.1052906451728242        1.0184782298489885     
   2.1092591478027449        1.0235753583172320     
   2.1132276504326652        1.0120346696854798     
   2.1171961530625856        1.0177064920903947     
   2.1211646556925063        1.0108197242402699     
   2.1251331583224267        1.0075026776860989     
   2.1291016609523474        1.0014324062482569     
   2.1330701635822678        1.0042532778515523     
   2.1370386662121881        1.0102585802434776     
   2.1410071688421088        1.0025728489127375     
   2.1449756714720292       0.99511833326797994     
   2.1489441741019499        1.0059980036172844     
   2.1529126767318703       0.99996515787156381     
   2.1568811793617906       0.99375606741468558     
   2.1608496819917113        1.0027334195865205     
   2.1648181846216317        1.0009807263195882     
   2.1687866872515524       0.99616808419630720     
   2.1727551898814728       0.99593050373376713     
   2.1767236925113931       0.99537824166839506     
   2.1806921951413138        1.0003793476424616     
   2.1846606977712342       0.99109815071642859     
   2.1886292004011549       0.99367264038354630     
   2.1925977030310753       0.98640669878636977     
   2.1965662056609956       0.98745549447435954     
   2.2005347082909164       0.98067042055025688     
   2.2045032109208367       0.99282704100015529     
   2.2084717135507574       0.98139638810514407     
   2.2124402161806778       0.98510846681289077     
   2.2164087188105981       0.98086878123773968     
   2.2203772214405189       0.98531976025831425     
   2.2243457240704392       0.97456219228084429     
   2.2283142267003599       0.98093157152897559     
   2.2322827293302803       0.97610448800497684     
   2.2362512319602006       0.97760244259259832     
   2.2402197345901214       0.97467731712593131     
   2.2441882372200417       0.97875504757503207     
   2.2481567398499624       0.97456312191183336     
   2.2521252424798828       0.96569001123568388     
   2.2560937451098031       0.97755915243651126     
   2.2600622477397239       0.97717707552231492     
   2.2640307503696442       0.96568159157976097     
   2.2679992529995645       0.97125718909122183     
   2.2719677556294853       0.96366696255070849     
   2.2759362582594056       0.97434768199207611     
   2.2799047608893264       0.96416753159033308     
   2.2838732635192467       0.96760418419199035     
   2.2878417661491670       0.97135599984762178     
   2.2918102687790878       0.97323589944929334     
   2.2957787714090081       0.96662807879225854     
   2.2997472740389289       0.96893956395831560     
   2.3037157766688492       0.96671347925943363     
   2.3076842792987695       0.95464217062200774     
   2.3116527819286903       0.97570731675750411     
   2.3156212845586106       0.96104974518671238     
   2.3195897871885314       0.96281770599622685     
   2.3235582898184517       0.96157143796838529     
   2.3275267924483720       0.96456994647008953     
   2.3314952950782928       0.95625747012504803     
   2.3354637977082131       0.96463063222695522     
   2.3394323003381339       0.96609004989294556     
   2.3434008029680542       0.96161572078344049     
   2.3473693055979745       0.95747761271154608     
   2.3513378082278953       0.96341275186258346     
   2.3553063108578156       0.96601602999550096     
   2.3592748134877364       0.96477047999296484     
   2.3632433161176567       0.95739682264470238     
   2.3672118187475770       0.95415654481171386     
   2.3711803213774978       0.95545196281859790     
   2.3751488240074181       0.95990119648824757     
   2.3791173266373389       0.96804943399582566     
   2.3830858292672592       0.96134086921771356     
   2.3870543318971795       0.96684218404892053     
   2.3910228345271003       0.96034398894385531     
   2.3949913371570206       0.95946712506702858     
   2.3989598397869409       0.95370161173348333     
   2.4029283424168617       0.96278395197594868     
   2.4068968450467820       0.95339505880304265     
   2.4108653476767028       0.95910328029993097     
   2.4148338503066231       0.95478575075662164     
   2.4188023529365434       0.96865786861998648     
   2.4227708555664642       0.96757783417409815     
   2.4267393581963845       0.95666059023303895     
   2.4307078608263053       0.97605577892276463     
   2.4346763634562256       0.96220563043491003     
   2.4386448660861459       0.96680340510705720     
   2.4426133687160667       0.96777547273142583     
   2.4465818713459870       0.96431818061190355     
   2.4505503739759078       0.95666284504192323     
   2.4545188766058281       0.97441272751290509     
   2.4584873792357484       0.96601168997366027     
   2.4624558818656692       0.96608314397207007     
   2.4664243844955895       0.96091723686654384     
   2.4703928871255103       0.97268654203362515     
   2.4743613897554306       0.96746497462203807     
   2.4783298923853510       0.97260661569144091     
   2.4822983950152717       0.97097539200228755     
   2.4862668976451920       0.97127260467828180     
   2.4902354002751128       0.96243785159012418     
   2.4942039029050331       0.97090154701585352     
   2.4981724055349535       0.98215598704659579     
   2.5021409081648742       0.96906410138942856     
   2.5061094107947945       0.97857428000035296     
   2.5100779134247153       0.96042211789083198     
   2.5140464160546356       0.97670852086429172     
   2.5180149186845560       0.96662138391393071     
   2.5219834213144767       0.97687967100028039     
   2.5259519239443970       0.98034323269850887     
   2.5299204265743178       0.98134160501852663     
   2.5338889292042381       0.97553051775046917     
   2.5378574318341585       0.98311223374376933     
   2.5418259344640792       0.98602862710113615     
   2.5457944370939996       0.98094209321968173     
   2.5497629397239199       0.97784037051623229     
   2.5537314423538406       0.98400700941114239     
   2.5576999449837610       0.98266745618319784     
   2.5616684476136817       0.98653602422595099     
   2.5656369502436021       0.97800798651469401     
   2.5696054528735224       0.98394708588811042     
   2.5735739555034431       0.97852434729632065     
   2.5775424581333635       0.98769265013387841     
   2.5815109607632842       0.99365262937360088     
   2.5854794633932046       0.98851321049727525     
   2.5894479660231249       0.99094034456952262     
   2.5934164686530456       0.99237964882907082     
   2.5973849712829660       0.99721534446279902     
   2.6013534739128867       0.99134576882038095     
   2.6053219765428071       0.99536725459739617     
   2.6092904791727274       0.99841252290729166     
   2.6132589818026482       0.99040837182437380     
   2.6172274844325685       0.99163194442988212     
   2.6211959870624892        1.0034646922207986     
   2.6251644896924096        1.0027352450493603     
   2.6291329923223299        1.0007883931023120     
   2.6331014949522507        1.0015488707391993     
   2.6370699975821710        1.0006255038890619     
   2.6410385002120917        1.0074491331442388     
   2.6450070028420121        1.0028897107987569     
   2.6489755054719324        1.0016553567950579     
   2.6529440081018532        1.0143195100128419     
   2.6569125107317735        1.0014291570535723     
   2.6608810133616942        1.0142611272954962     
   2.6648495159916146        1.0017650405304126     
   2.6688180186215349        1.0042519732963051     
   2.6727865212514557        1.0049524735178648     
   2.6767550238813760       0.99922434108684965     
   2.6807235265112968        1.0075756895129613     
   2.6846920291412171        1.0063807655762906     
   2.6886605317711374        1.0144821893443117     
   2.6926290344010582        1.0029434841970164     
   2.6965975370309785        1.0002297030267910     
   2.7005660396608988        1.0079833301864380     
   2.7045345422908196        1.0053398933171012     
   2.7085030449207399        1.0172515361312655     
   2.7124715475506607        1.0101301236411759     
   2.7164400501805810        1.0072775822775750     
   2.7204085528105013        1.0063210448351245     
   2.7243770554404221        1.0027333151304012     
   2.7283455580703424        1.0161632688599522     
   2.7323140607002632        1.0178098376615168     
   2.7362825633301835        1.0083570192101272     
   2.7402510659601038        1.0133226814306973     
   2.7442195685900246        1.0050312849770464     
   2.7481880712199449        1.0047836762248412     
   2.7521565738498657        1.0071690517451011     
   2.7561250764797860        1.0112133119212139     
   2.7600935791097063        1.0076389545316482     
   2.7640620817396271        1.0147043863433851     
   2.7680305843695474        1.0166657933571943     
   2.7719990869994682        1.0195825953786513     
   2.7759675896293885        1.0180090980841272     
   2.7799360922593088        1.0155187722722880     
   2.7839045948892296        1.0187285926945895     
   2.7878730975191499        1.0189418259191696     
   2.7918416001490707        1.0210504095794921     
   2.7958101027789910        1.0140943914589162     
   2.7997786054089113        1.0207141692582322     
   2.8037471080388321        1.0226417127531395     
   2.8077156106687524        1.0183437148129486     
   2.8116841132986732        1.0153087626256003     
   2.8156526159285935        1.0222230771064205     
   2.8196211185585138        1.0129674355053442     
   2.8235896211884346        1.0146110251999734     
   2.8275581238183549        1.0182137526702073     
   2.8315266264482752        1.0092740634191697     
   2.8354951290781960        1.0096063961818165     
   2.8394636317081163        1.0120887353922492     
   2.8434321343380371        1.0208300523443563     
   2.8474006369679574        1.0184663249684631     
   2.8513691395978777        1.0233678245283626     
   2.8553376422277985        1.0101223978266523     
   2.8593061448577188        1.0216205403679517     
   2.8632746474876396        1.0162223811826938     
   2.8672431501175599        1.0147020418674866     
   2.8712116527474802        1.0177425699698188     
   2.8751801553774010        1.0218152010344534     
   2.8791486580073213        1.0135546402838360     
   2.8831171606372421        1.0243989462219467     
   2.8870856632671624        1.0113940592781188     
   2.8910541658970828        1.0091154542099785     
   2.8950226685270035        1.0227138250864360     
   2.8989911711569238        1.0160876131016112     
   2.9029596737868446        1.0129268957909223     
   2.9069281764167649        1.0080682431507892     
   2.9108966790466853        1.0135361222349146     
   2.9148651816766060        1.0098152904837872     
   2.9188336843065263        1.0097638219451190     
   2.9228021869364471        1.0115088023196483     
   2.9267706895663674        1.0133070938463107     
   2.9307391921962878        1.0108308640899060     
   2.9347076948262085        1.0150343467684184     
   2.9386761974561288        1.0122464172239063     
   2.9426447000860496        1.0064334407947084     
   2.9466132027159699        1.0148209993240034     
   2.9505817053458903        1.0044276474928924     
   2.9545502079758110        1.0157435331670157     
   2.9585187106057313        1.0110528977928643     
   2.9624872132356521        1.0071139599628149     
   2.9664557158655724        1.0105280666313254     
   2.9704242184954928        1.0047253327338221     
   2.9743927211254135        1.0089753869768916     
   2.9783612237553339        1.0053742152912002     
   2.9823297263852542        1.0114676861227188     
   2.9862982290151749        1.0220834397891525     
   2.9902667316450953        1.0140045596569132     
   2.9942352342750160        1.0063549566148220     
   2.9982037369049364        1.0062302875009055     
   3.0021722395348567       0.99710030431208008     
   3.0061407421647774        1.0124641179180454     
   3.0101092447946978        1.0105123854351752     
   3.0140777474246185        1.0074717284403958     
   3.0180462500545389        1.0098142514225095     
   3.0220147526844592        1.0004959624705838     
   3.0259832553143799        1.0032466457852771     
   3.0299517579443003        1.0039176122300912     
   3.0339202605742210        1.0051785428672468     
   3.0378887632041414        1.0041836569811278     
   3.0418572658340617        1.0068009828091700     
   3.0458257684639825        1.0026894076255954     
   3.0497942710939028        1.0078531099099377     
   3.0537627737238235        1.0018000412222836     
   3.0577312763537439        1.0016711659872086     
   3.0616997789836642        1.0040663385872486     
   3.0656682816135850        1.0038572759840980     
   3.0696367842435053        1.0028134297052329     
   3.0736052868734260        1.0112749080154719     
   3.0775737895033464        1.0090767124875917     
   3.0815422921332667        1.0092422638206449     
   3.0855107947631875        1.0060344730557218     
   3.0894792973931078        1.0122246922665168     
   3.0934478000230285       0.99844539669426247     
   3.0974163026529489        1.0000846171951987     
   3.1013848052828692       0.99755354210589009     
   3.1053533079127900       0.99855881995568618     
   3.1093218105427103       0.99821750219156324     
   3.1132903131726311       0.99915652377815911     
   3.1172588158025514        1.0064903534959284     
   3.1212273184324717       0.99996824321011557     
   3.1251958210623925       0.99129232285172275     
   3.1291643236923128        1.0008399775381285     
   3.1331328263222331       0.99469470319434750     
   3.1371013289521539       0.99595808932563634     
   3.1410698315820742       0.99749238975755306     
   3.1450383342119950       0.99216360799065673     
   3.1490068368419153       0.99585065825725871     
   3.1529753394718356        1.0006560650960075     
   3.1569438421017564       0.99363012856328414     
   3.1609123447316767       0.99965423821938559     
   3.1648808473615975        1.0008580145540507     
   3.1688493499915178       0.99819458332993127     
   3.1728178526214381       0.99873479287615374     
   3.1767863552513589       0.99599310272339436     
   3.1807548578812792       0.99639353283017951     
   3.1847233605112000       0.99579559990855326     
   3.1886918631411203       0.99603847669164691     
   3.1926603657710406       0.99479376841277900     
   3.1966288684009614       0.99289045884968175     
   3.2005973710308817       0.99793168025169787     
   3.2045658736608025       0.99829055679122902     
   3.2085343762907228       0.99391294825020216     
   3.2125028789206431       0.99457388656383094     
   3.2164713815505639       0.99559447572784987     
   3.2204398841804842       0.99615613617181065     
   3.2244083868104050        1.0007414444407878     
   3.2283768894403253       0.99581457179336585     
   3.2323453920702456       0.99197749253117373     
   3.2363138947001664        1.0004306612566332     
   3.2402823973300867       0.99517033879584260     
   3.2442508999600075       0.99751152559518064     
   3.2482194025899278       0.99668648291575190     
   3.2521879052198481       0.99944723485898412     
   3.2561564078497689       0.99768960269969575     
   3.2601249104796892       0.99130843886097730     
   3.2640934131096100       0.99049618535105566     
   3.2680619157395303       0.99314257844894338     
   3.2720304183694506       0.99121518847019907     
   3.2759989209993714       0.99078522128011193     
   3.2799674236292917       0.99116038523000938     
   3.2839359262592120       0.99169075181606392     
   3.2879044288891328       0.99215037822960050     
   3.2918729315190531       0.99436135390903846     
   3.2958414341489739       0.99271766138525530     
   3.2998099367788942       0.98911368341201411     
   3.3037784394088145       0.98833129227619809     
   3.3077469420387353       0.98535565988419793     
   3.3117154446686556       0.99428297853741976     
   3.3156839472985764       0.99312126355207198     
   3.3196524499284967       0.99950927050044092     
   3.3236209525584171       0.99320718859660173     
   3.3275894551883378       0.99588342072860214     
   3.3315579578182581       0.99099816773181104     
   3.3355264604481789       0.98822691880291569     
   3.3394949630780992       0.99380611232020921     
   3.3434634657080196       0.99458386422960288     
   3.3474319683379403       0.99019841607110382     
   3.3514004709678606       0.99421684083878559     
   3.3553689735977814       0.99916957814389273     
   3.3593374762277017       0.99851250838113703     
   3.3633059788576221       0.99501875669907425     
   3.3672744814875428       0.99381086738812840     
   3.3712429841174631       0.99516279218311410     
   3.3752114867473839       0.98781868729877709     
   3.3791799893773042        1.0049022840360526     
   3.3831484920072246       0.99664065758162335     
   3.3871169946371453       0.98568693116980199     
   3.3910854972670657       0.99858818682652584     
   3.3950539998969864       0.99703928687515841     
   3.3990225025269067       0.99308793223131808     
   3.4029910051568271        1.0009159285105054     
   3.4069595077867478        1.0026963753544877     
   3.4109280104166682       0.99569652151885502     
   3.4148965130465885       0.99345998553350234     
   3.4188650156765092       0.99887213628479765     
   3.4228335183064296       0.99975170766901578     
   3.4268020209363503        1.0031975348817090     
   3.4307705235662707        1.0025693865851990     
   3.4347390261961910       0.99923143675773485     
   3.4387075288261117        1.0018625210111567     
   3.4426760314560321       0.99930706768522881     
   3.4466445340859528        1.0045842267162839     
   3.4506130367158732       0.99731209829225886     
   3.4545815393457935       0.99734415813773813     
   3.4585500419757143       0.99433381279531119     
   3.4625185446056346        1.0008547968713204     
   3.4664870472355553        1.0000463383218980     
   3.4704555498654757        1.0025048431768038     
   3.4744240524953960        1.0037448773580577     
   3.4783925551253168       0.99821478249927376     
   3.4823610577552371       0.99797414371972615     
   3.4863295603851578       0.99625974776550463     
   3.4902980630150782        1.0046479854388126     
   3.4942665656449985        1.0022897708907623     
   3.4982350682749193        1.0004712180090332     
   3.5022035709048396        1.0041436125072736     
   3.5061720735347603       0.99713881711650953     
   3.5101405761646807       0.99812602577737930     
   3.5141090787946010       0.99542864848855550     
   3.5180775814245218        1.0034953856125490     
   3.5220460840544421        1.0022749889773375     
   3.5260145866843629       0.99721830210376861     
   3.5299830893142832        1.0113895797720807     
   3.5339515919442035        1.0046390295413843     
   3.5379200945741243        1.0037340941083717     
   3.5418885972040446        1.0057999332594532     
   3.5458570998339654        1.0050087950235029     
   3.5498256024638857        1.0072542236627020     
   3.5537941050938060        1.0013680635180489     
   3.5577626077237268        1.0036040657086727     
   3.5617311103536471        1.0008187951743430     
   3.5656996129835674        1.0012002611287019     
   3.5696681156134882        1.0083517999372473     
   3.5736366182434085        1.0030372575961226     
   3.5776051208733293       0.99936562241662863     
   3.5815736235032496       0.99648376291952423     
   3.5855421261331699       0.99858966657894555     
   3.5895106287630907        1.0006695084011272     
   3.5934791313930110        1.0013861198840641     
   3.5974476340229318        1.0058250855424202     
   3.6014161366528521        1.0093138303954305     
   3.6053846392827724       0.99077338617450694     
   3.6093531419126932        1.0013992121335973     
   3.6133216445426135        1.0065599536399996     
   3.6172901471725343       0.99857143317948427     
   3.6212586498024546       0.99856880348399757     
   3.6252271524323749       0.99790282252523532     
   3.6291956550622957        1.0076643112929349     
   3.6331641576922160        1.0048540913367321     
   3.6371326603221368        1.0029735247060663     
   3.6411011629520571        1.0023051419598559     
   3.6450696655819774        1.0061872787669901     
   3.6490381682118982        1.0030782829499161     
   3.6530066708418185        1.0004949277113167     
   3.6569751734717393        1.0033242786926411     
   3.6609436761016596        1.0039300898176764     
   3.6649121787315799        1.0068885433725829     
   3.6688806813615007        1.0095285532985214     
   3.6728491839914210       0.99692083118138153     
   3.6768176866213418        1.0015129081573504     
   3.6807861892512621        1.0016101025995334     
   3.6847546918811824        1.0026456253720764     
   3.6887231945111032        1.0057057340570621     
   3.6926916971410235        1.0011741486456667     
   3.6966601997709443       0.99814938419855936     
   3.7006287024008646        1.0045485938456227     
   3.7045972050307849        1.0024086314138096     
   3.7085657076607057        1.0058840794542814     
   3.7125342102906260        1.0007790529608540     
   3.7165027129205463        1.0016167022337157     
   3.7204712155504671       0.99851509091857493     
   3.7244397181803874        1.0011373417907741     
   3.7284082208103082        1.0027444980558116     
   3.7323767234402285       0.99756857134129329     
   3.7363452260701489        1.0020234682419549     
   3.7403137287000696        1.0030378611949340     
   3.7442822313299899       0.99821180866490966     
   3.7482507339599107        1.0009747463712553     
   3.7522192365898310       0.99819197127814696     
   3.7561877392197514        1.0007517939939177     
   3.7601562418496721        1.0018741055017970     
   3.7641247444795924       0.99801454924763500     
   3.7680932471095132       0.99622529770686918     
   3.7720617497394335        1.0012731227777469     
   3.7760302523693539       0.99563573982790377     
   3.7799987549992746        1.0004672494345421     
   3.7839672576291949        1.0035319060776040     
   3.7879357602591157        1.0036517680679682     
   3.7919042628890360       0.99202865561673526     
   3.7958727655189564       0.99369072676229819     
   3.7998412681488771       0.99612085366617720     
   3.8038097707787974       0.99703250614709771     
   3.8077782734087182        1.0008767805719794     
   3.8117467760386385       0.99801816640057806     
   3.8157152786685589       0.99219662543730802     
   3.8196837812984796       0.99851479387223385     
   3.8236522839284000        1.0007031723871294     
   3.8276207865583207       0.99251276770054719     
   3.8315892891882410        1.0008116259128883     
   3.8355577918181614       0.99453428548465173     
   3.8395262944480821       0.99767113877184821     
   3.8434947970780025       0.99556472490192072     
   3.8474632997079228       0.99096209595970175     
   3.8514318023378435       0.98946116754731328     
   3.8554003049677639       0.99324067679516270     
   3.8593688075976846       0.99225723786829889     
   3.8633373102276050       0.99780784609068285     
   3.8673058128575253       0.99409800059091036     
   3.8712743154874460       0.99101995262859399     
   3.8752428181173664       0.98975128288034964     
   3.8792113207472871       0.98762971123743759     
   3.8831798233772075       0.99333027867747548     
   3.8871483260071278       0.98687483242170904     
   3.8911168286370486       0.99166649640519688     
   3.8950853312669689       0.98782499279182923     
   3.8990538338968896       0.99435333070646337     
   3.9030223365268100       0.98850443060946358     
   3.9069908391567303       0.99407600731374157     
   3.9109593417866511       0.99426207689573098     
   3.9149278444165714       0.99587822786255265     
   3.9188963470464921       0.99785556435302725     
   3.9228648496764125       0.99779064871842116     
   3.9268333523063328       0.99456241350624097     
   3.9308018549362536       0.99742968684051725     
   3.9347703575661739       0.99634815000343546     
   3.9387388601960946       0.99951989975692157     
   3.9427073628260150       0.99580863417370469     
   3.9466758654559353       0.99383687623911543     
   3.9506443680858561       0.99542677453356465     
   3.9546128707157764       0.99237134752510103     
   3.9585813733456972       0.98369118901258135     
   3.9625498759756175       0.99088556541885420     
   3.9665183786055378        1.0000675147680913     
   3.9704868812354586        0.0000000000000000     
